5
G14
4064829.874
-14677267.715
21986215.558
22884556.5334
110.670224e-006
G32
-13833847.656
-7365883.777
21405430.562
24665755.6364
-281.477645e-006
G15
26470201.738
2706747.099
-2672350.159
24992756.4404
-217.696908e-006
G25
18923026.197
-14960460.713
10876176.750
23390611.6154
11.682942e-006
G24
17941867.206
6535477.395
18495211.113
20492730.5884
-39.336867e-006
G17
-5461307.963
14433479.599
21869616.532
22545303.4404
-140.969197e-006
G12
17656352.032
-2208365.926
19570044.805
20543156.4784
250.165360e-006
